27
2
20
16
10
9
6
49
5
17
77
76
16
246
23
48
1
9
26
1
31
55
1
22
9
76
7
40
9
41
4
6
6
8
11
2
21
4
37
12
18
12
9
9
7
23
2
7
21
37
14
31
16
12
35
11
10
18
6
9
4
16
22
49
44
40
22
12
12
13
8
61
32
6
16
38
8
14
18
21
20
26
35
9
16
38
6
20
4
14
8
26
26
13
22
52
18
5
21
49
35
62
42
42
42
23
46
55
23
4
26
53
33
18
86
7
60
14
2
7
6
17
142
4
13
9
17
4
54
21
7
13
3
13
20
16
25
9
12
28
29
17
8
8
21
3
48
42
50
29
7
51
32
8
1
18
14
12
11
32
12
6
5
5
6
6
35
9
43
8
15
20
24
3
35
3
28
19
5
5
7
6
8
14
23
28
11
29
25
17
19
27
13
9
209
30
22
37
4
10
4
5
1
19
6
17
8
2
76
4
101
2
6
3
3
6
5
14
7
1
25
5
9
6
1
17
49
25
23
62
18
48
55
14
3
17
6
16
19
15
6
14
11
12
98
47
3
3
53
37
30
10
11
60
24
10
15
30
14
63
7
4
9
7
8
31
7
4
4
6
25
11
40
6
14
3
33
8
10
5
9
12
3
8
19
33
21
5
105
16
44
33
18
14
10
10
10
28
8
17
5
16
7
6
20
19
24
33
20
10
60
40
12
1
4
13
3
17
2
2
29
8
3
1
2
45
7
6
11
9
3
21
12
14
17
5
14
11
9
12
5
6
7
2
15
11
6
9
14
43
13
9
62
5
9
28
5
8
7
6
44
15
7
53
23
23
4
19
29
4
26
21
2
6
20
9
11
1
935
15
2
21
20
4
32
17
71
67
25
25
14
6
22
26
20
16
12
18
13
15
4
8
11
16
19
23
12
7
12
5
26
90
25
10
8
14
22
95
19
5
43
11
26
12
25
22
7
28
13
54
8
7
8
10
16
41
6
5
6
5
12
71
43
5
8
8
20
6
10
42
21
2
20
2
1
13
19
18
31
41
4
15
20
14
29
16
22
4
35
16
7
4
6
9
40
36
37
7
8
6
15
16
44
27
16
20
11
21
10
7
4
6
8
1
6
22
7
11
8
4
4
1
21
8
13
30
8
13
14
15
42
8
7
18
3
36
3
23
4
5
8
26
16
9
5
3
19
24
25
12
6
7
19
28
13
22
22
26
13
3
24
49
1
4
31
12
22
19
16
119
29
33
15
9
24
29
19
7
7
30
19
11
11
8
22
20
11
69
11
1
18
22
11
15
9
15
1
37
17
1
5
7
8
30
13
17
43
21
16
13
5
11
18
8
9
19
31
53
40
13
5
2
5
43
63
6
8
16
5
37
12
18
4
45
12
37
4
5
21
1
42
17
19
35
16
4
17
33
11
12
6
22
16
27
8
3
37
17
52
8
16
56
5
16
25
9
7
1
53
97
32
7
6
36
10
14
4
4
11
2
13
27
6
45
28
15
11
6
26
6
10
43
23
19
24
4
5
7
6
15
27
11
21
6
35
48
49
27
34
40
35
5
12
4
38
20
3
6
10
19
16
58
27
22
11
20
56
16
6
7
15
12
33
104
5
22
2
5
3
15
22
33
46
13
47
77
48
22
24
36
7
7
31
62
1
24
14
15
11
6
53
7
1
10
10
35
12
6
24
9
19
30
12
6
23
42
12
14
25
19
14
12
4
16
13
22
23
7
19
5
9
31
28
61
41
18
10
4
222
14
13
16
22
24
6
21
4
21
4
29
2
10
1
8
11
8
11
7
14
9
9
40
13
32
6
11
19
18
36
3
18
34
6
3
21
10
12
27
20
19
11
7
2
12
26
3
6
12
4
7
14
16
7
4
15
9
6
82
9
12
7
3
4
29
104
26
3
30
4
8
17
6
17
6
15
8
34
42
19
9
10
9
9
1
5
6
11
37
16
20
14
7
49
6
14
21
3
7
3
7
19
9
12
19
47
3
6
5
44
26
15
7
15
6
